m=15 n=6
Bids:
bid(0, *): 30, 22, 7, 16, 32, 26
bid(1, *): 26, 30, 3, 0, 29, 28
bid(2, *): 8, 23, 1, 25, 14, 19
bid(3, *): 26, 0, 24, 36, 35, 28
bid(4, *): 16, 34, 19, 17, 38, 27
bid(5, *): 17, 23, 33, 38, 13, 2
bid(6, *): 8, 6, 4, 3, 26, 28
bid(7, *): 8, 38, 38, 10, 14, 26
bid(8, *): 36, 11, 0, 4, 2, 7
bid(9, *): 26, 39, 39, 13, 15, 33
bid(10, *): 38, 35, 5, 17, 18, 10
bid(11, *): 11, 30, 8, 4, 36, 12
bid(12, *): 1, 27, 5, 35, 13, 34
bid(13, *): 11, 39, 33, 27, 17, 9
bid(14, *): 15, 14, 3, 22, 16, 7
Budgets[j]::
 107 137 71 39 220 43 10 200 209 70 13 173 213 7 74
Algorithm Matching-----
(0, 8) (1, 9) (2, 9) (3, 5) (4, 0) (5, 6) 
Algo=212 W=186 Wf=26
Optimal Matching-----
(0, 14) (1, 14) (2, 14) (3, 14) (4, 14) (5, 14) 
OPT = 223
Competitive Ratio: 0.834081 vs (1-1/e)=0.632121
-----------------------
m=5 n=15
Bids:
bid(0, *): 5, 39, 36, 20, 0, 23, 8, 34, 34, 29, 1, 26, 30, 10, 31
bid(1, *): 33, 30, 15, 7, 30, 1, 0, 35, 1, 9, 40, 33, 34, 4, 18
bid(2, *): 24, 35, 2, 12, 30, 21, 33, 13, 23, 14, 8, 0, 7, 5, 21
bid(3, *): 7, 25, 23, 34, 28, 38, 4, 24, 9, 39, 38, 35, 33, 22, 16
bid(4, *): 39, 25, 27, 32, 24, 30, 38, 3, 19, 33, 19, 31, 31, 8, 17
Budgets[j]::
 25 99 331 514 51
Algorithm Matching-----
(0, 1) (1, 0) (2, 3) (3, 3) (4, 2) (5, 2) (6, 2) (7, 1) (8, 2) (9, 3) (10, 1) (11, 3) (12, 3) (13, 3) (14, 2) 
Algo=461 W=438 Wf=23
m=2 n=13
Bids:
bid(0, *): 25, 40, 13, 12, 1, 33, 17, 7, 33, 20, 39, 10, 30
bid(1, *): 30, 20, 18, 30, 12, 20, 30, 4, 32, 32, 16, 19, 22
Budgets[j]::
 390 426
Algorithm Matching-----
(0, 0) (1, 0) (2, 0) (3, 1) (4, 1) (5, 0) (6, 1) (7, 0) (8, 0) (9, 1) (10, 0) (11, 1) (12, 0) 
Algo=343 W=343 Wf=0
Optimal Matching-----
(0, 1) (1, 1) (2, 1) (3, 1) (4, 1) (5, 1) (6, 1) (7, 1) (8, 1) (9, 1) (10, 1) (11, 1) (12, 1) 
OPT = 353
Competitive Ratio: 0.971671 vs (1-1/e)=0.632121
-----------------------
m=17 n=18
Bids:
bid(0, *): 32, 19, 5, 30, 18, 3, 25, 22, 24, 27, 33, 29, 26, 16, 6, 13, 34, 10
bid(1, *): 5, 35, 10, 11, 23, 13, 20, 39, 37, 26, 9, 26, 39, 35, 6, 11, 35, 5
bid(2, *): 8, 7, 14, 27, 20, 27, 8, 23, 5, 31, 12, 7, 14, 16, 7, 35, 18, 35
bid(3, *): 36, 7, 5, 11, 22, 2, 25, 30, 21, 15, 25, 6, 12, 11, 17, 19, 23, 33
bid(4, *): 39, 14, 13, 35, 39, 1, 12, 7, 1, 31, 17, 24, 16, 32, 38, 22, 38, 31
bid(5, *): 30, 16, 7, 28, 34, 36, 26, 15, 19, 4, 1, 3, 25, 13, 15, 32, 4, 28
bid(6, *): 17, 11, 13, 38, 37, 26, 18, 25, 25, 20, 37, 17, 7, 13, 38, 29, 36, 9
bid(7, *): 29, 12, 2, 2, 14, 18, 23, 0, 4, 28, 36, 9, 12, 4, 19, 32, 34, 33
bid(8, *): 29, 34, 9, 28, 16, 5, 36, 35, 6, 25, 18, 15, 29, 14, 5, 36, 38, 31
bid(9, *): 15, 0, 26, 29, 27, 0, 14, 14, 24, 8, 6, 39, 25, 9, 14, 26, 1, 6
bid(10, *): 12, 16, 27, 1, 24, 10, 34, 11, 2, 32, 32, 0, 12, 13, 1, 21, 10, 23
bid(11, *): 32, 2, 13, 29, 11, 29, 22, 34, 24, 3, 39, 37, 19, 22, 3, 8, 33, 7
bid(12, *): 40, 24, 3, 18, 32, 2, 1, 10, 6, 9, 23, 21, 28, 8, 11, 30, 27, 0
bid(13, *): 40, 2, 21, 40, 20, 40, 37, 12, 31, 14, 27, 20, 37, 12, 0, 11, 0, 7
bid(14, *): 4, 24, 11, 37, 38, 12, 17, 29, 11, 11, 4, 9, 12, 4, 0, 19, 21, 39
bid(15, *): 17, 1, 4, 34, 12, 2, 39, 1, 11, 20, 7, 35, 0, 15, 37, 14, 37, 27
bid(16, *): 23, 30, 35, 33, 32, 17, 15, 33, 34, 39, 21, 36, 39, 25, 38, 40, 17, 21
Budgets[j]::
 449 673 207 599 299 424 393 645 56 171 413 524 503 411 0 179 217
Algorithm Matching-----
(0, 0) (1, 8) (2, 16) (3, 6) (4, 6) (5, 6) (6, 8) (7, 16) (8, 16) (9, 16) (10, 6) (11, 9) (12, 16) (13, 16) (14, 6) (15, 16) (16, 6) (17, 2) 
Algo=633 W=591 Wf=42
m=20 n=4
Bids:
bid(0, *): 2, 15, 19, 38
bid(1, *): 31, 6, 11, 22
bid(2, *): 1, 9, 25, 8
bid(3, *): 15, 13, 39, 38
bid(4, *): 40, 13, 35, 4
bid(5, *): 2, 27, 3, 31
bid(6, *): 3, 8, 15, 30
bid(7, *): 32, 1, 1, 36
bid(8, *): 14, 29, 37, 24
bid(9, *): 24, 18, 23, 13
bid(10, *): 33, 28, 20, 10
bid(11, *): 7, 1, 3, 30
bid(12, *): 16, 7, 33, 6
bid(13, *): 28, 3, 9, 36
bid(14, *): 4, 25, 37, 6
bid(15, *): 32, 35, 11, 23
bid(16, *): 32, 20, 28, 6
bid(17, *): 34, 38, 31, 40
bid(18, *): 36, 12, 17, 10
bid(19, *): 40, 33, 2, 39
Budgets[j]::
 32 90 15 6 43 33 139 106 144 54 116 0 70 41 93 32 46 27 94 128
Algorithm Matching-----
(0, 16) (1, 17) (2, 8) (3, 0) 
Algo=145 W=128 Wf=17
Optimal Matching-----
(0, 19) (1, 19) (2, 19) (3, 19) 
OPT = 149
Competitive Ratio: 0.85906 vs (1-1/e)=0.632121
-----------------------
m=7 n=18
Bids:
bid(0, *): 3, 27, 35, 32, 23, 0, 11, 17, 25, 28, 12, 37, 22, 16, 27, 7, 21, 31
bid(1, *): 32, 25, 26, 14, 1, 20, 32, 14, 34, 39, 28, 12, 12, 13, 8, 15, 28, 24
bid(2, *): 17, 39, 15, 36, 11, 13, 23, 33, 9, 16, 24, 11, 32, 3, 18, 31, 30, 14
bid(3, *): 24, 13, 14, 23, 31, 0, 3, 24, 34, 3, 17, 37, 1, 12, 21, 35, 31, 28
bid(4, *): 24, 39, 7, 35, 20, 1, 10, 18, 22, 38, 24, 35, 13, 22, 15, 23, 9, 4
bid(5, *): 30, 3, 40, 35, 2, 30, 19, 16, 33, 5, 30, 5, 26, 32, 34, 38, 28, 25
bid(6, *): 35, 14, 17, 10, 29, 8, 34, 5, 40, 4, 23, 8, 27, 22, 38, 30, 14, 3
Budgets[j]::
 56 648 238 559 269 12 515
Algorithm Matching-----
(0, 6) (1, 2) (2, 0) (3, 2) (4, 6) (5, 5) (6, 6) (7, 2) (8, 6) (9, 1) (10, 6) (11, 0) (12, 2) (13, 6) (14, 6) (15, 6) (16, 2) (17, 1) 
Algo=586 W=552 Wf=34
